1
8 8
6
0
32 32
0 0.5
4
1
0
1
4 3
3.3
1
8 4
4 4
0 0
21
6
14
4
12
2
4
5
0
0.92 0.93 0.95 1
0.45 0.46 0.48 1
0.156863 0.156863 0.156863 1
0.156863 0.156863 0.156863 1
0.156863 0.156863 0.156863 1
0.109705 0.109705 0.109705 1
0.0156863 0.0156863 0.0156863 0.282353
0.235294 0.234141 0.234141 1
0.196078 0.195117 0.195117 1
0.25 0.25 0.25 1
0.101961 0.101961 0.101961 1
0.156863 0.156863 0.156863 1
0.08 0.08 0.08 1
0.102941 0.102941 0.102941 1
0.101961 0.101961 0.101961 1
0.25 0.25 0.25 1
0.20098 0.19901 0.19901 1
0.181373 0.177816 0.177816 1
0.7 0.71 0.73 1
0.3 0.31 0.34 1
0.4 0.41 0.44 1
0.320675 0.320675 0.320675 1
0.230392 0.230392 0.230392 1
0.181373 0.181373 0.181373 1
0.388186 0.388186 0.388186 1
0.303922 0.303922 0.303922 1
0.5 0.5 0.5 1
0.284107 0.485499 0.852321 1
0.12 0.12 0.12 1
0.1 0.1 0.1 1
0.08 0.08 0.08 1
0.12 0.12 0.12 1
0.1 0.1 0.1 1
1 1 1 1
0.12 0.12 0.12 1
0.08 0.08 0.08 1
0.1 0.1 0.1 1
0.0784314 0.0784314 0.0784314 1
0.08 0.08 0.08 1
0.08 0.08 0.08 1
0.5 0.5 0.5 0
0.352941 0.352941 0.352941 0.666667
0.2 0.2 0.2 1
0.558824 0.558824 0.558824 1
1 0.43 0.35 1
0.9 0.7 0 1
1 0.6 0 1
0.22549 0.22549 0.22549 1
0.31 0.31 0.35 1
0.23 0.23 0.25 1
0 0 0 0
1 1 1 0.06
0.26 0.59 0.98 1
0.26 0.59 0.98 0.35
0.43 0.43 0.5 0.5
1 1 0 0.9
0.26 0.59 0.98 1
1 1 1 0.7
0.8 0.8 0.8 0.2
0.8 0.8 0.8 0.35
